1372,1545,1
1461,1557,1
1371,1566,1
1261,1566,1
1305,1464,1
1337,1520,1
1300,1563,1
1354,1532,1
1222,1476,1
1085,1581,1
1214,1524,1
642,1311,1
814,1681,1
550,1220,1
606,1239,1
721,1445,1
595,1415,1
661,1150,1
587,1531,1
835,1603,1
705,1122,1
599,1306,1
619,1195,1
648,1370,1
778,1514,1
692,1307,1
804,1517,1
660,1626,1
547,1191,1
846,1613,1
826,1593,1
834,1591,1
664,1140,1
763,1614,1
718,1291,1
594,1333,1
641,1577,1
840,1465,1
728,1577,1
539,1394,1
605,1561,1
613,1352,1
675,1499,1
510,1172,1
618,1510,1
638,1635,1
585,1332,1
837,1323,1
688,1421,1
805,1330,1
762,1484,1
640,1250,1
699,1506,1
674,1667,1
662,1755,1
736,1404,1
563,1419,1
756,1392,1
705,1534,1
802,1578,1
591,1166,1
708,1533,1
717,1499,1
573,1375,1
622,1482,1
516,995,1
763,1396,1
592,1615,1
580,1368,1
635,1241,1
626,1443,1
793,1485,1
607,1190,1
528,1355,1
758,1336,1
780,1405,1
855,1575,1
752,1273,1
700,1414,1
582,1288,1
693,1245,1
657,1477,1
645,1301,1
677,1477,1
722,1331,1
738,1549,1
566,1353,1
736,1417,1
614,1468,1
614,1156,1
821,1632,1
745,1749,1
624,1372,1
713,1523,1
677,1534,1
692,1413,1
731,1319,1
639,1509,1
725,1747,1
869,1828,1
749,1537,1
592,1273,1
680,1489,1
783,1336,1
673,1544,1
505,1046,1
655,1156,1
595,1413,1
809,1220,1
773,1373,1
796,1531,1
698,1436,1
714,1211,1
707,1768,1
765,1314,1
642,1364,1
646,1557,1
755,1534,1
803,1582,1
702,1501,1
727,1659,1
584,1316,1
679,1430,1
775,1578,1
814,1552,1
698,1570,1
741,1287,1
944,1965,1
816,1519,1
672,1470,1
663,1404,1
612,1322,1
725,1437,1
676,1358,1
738,1535,1
708,1560,1
748,1390,1
748,1408,1
825,1630,1
664,1238,1
790,1795,1
570,1309,1
561,1137,1
724,1502,1
647,1758,1
722,1379,1
634,1312,1
638,1569,1
593,1415,1
648,1306,1
726,1269,1
798,1687,1
680,1603,1
725,1576,1
738,1269,1
730,1618,1
849,1951,1
589,1529,1
540,1109,1
709,1400,1
651,1770,1
755,1473,1
831,1687,1
697,1547,1
626,1349,1
668,1259,1
788,1553,1
679,1503,1
825,1649,1
721,1570,1
769,1429,1
697,1578,1
756,1531,1
726,1103,1
749,1608,1
808,1527,1
737,1377,1
673,1524,1
646,1410,1
724,1755,1
694,1328,1
760,1559,1
581,1231,1
672,1421,1
707,1395,1
711,1561,1
798,1694,1
598,1250,1
752,1290,1
809,1669,1
560,1443,1
839,1612,1
584,1298,1
870,1418,1
614,1489,1
693,1743,1
716,1458,1
861,1655,1
686,1241,1
774,1312,1
741,1591,1
758,1624,1
793,1661,1
599,1489,1
688,1138,1
752,1442,1
668,1843,1
657,1078,1
815,1432,1
777,1447,1
604,1219,1
643,1317,1
732,1496,1
725,1399,1
569,1461,1
781,1376,1
843,1546,1
632,1271,1
741,1392,1
676,1472,1
747,1446,1
759,1473,1
733,1442,1
766,1387,1
839,1685,1
679,1524,1
816,1508,1
724,1634,1
769,1455,1
561,1564,1
523,1477,1
775,1491,1
817,1646,1
618,1352,1
727,1616,1
579,1319,1
734,1397,1
776,1711,1
663,1452,1
799,1767,1
684,1382,1
865,1826,1
709,1298,1
783,1508,1
692,1490,1
778,1167,1
800,1392,1
786,1261,1
658,1014,1
804,1588,1
619,1363,1
842,1657,1
613,1294,1
635,1377,1
714,1318,1
697,1351,1
818,1543,1
760,1548,1
686,1344,1
885,1580,1
774,1552,1
729,1599,1
710,1396,1
782,1574,1
536,1315,1
658,1201,1
643,1330,1
674,1233,1
756,1311,1
720,1678,1
583,1130,1
697,1341,1
599,939,1
791,1469,1
708,1546,1
719,1294,1
691,1582,1
587,1022,1
732,1745,1
473,1138,1
654,1417,1
730,1292,1
720,1343,1
642,1447,1
799,1566,1
736,1204,1
723,1426,1
812,1554,1
680,1441,1
789,1579,1
661,1361,1
549,1484,1
844,1428,1
717,1043,1
763,1450,1
760,1548,1
598,1569,1
654,1307,1
621,1492,1
692,1364,1
601,1417,1
623,1434,1
570,1249,1
835,1758,1
735,1537,1
706,1658,1
595,1506,1
719,1417,1
624,1352,1
819,1528,1
629,1573,1
578,1275,1
593,1136,1
791,1353,1
754,1491,1
783,1826,1
753,1397,1
569,1298,1
657,1486,1
721,1387,1
646,1113,1
818,1559,1
751,1450,1
730,1573,1
869,1678,1
576,1427,1
740,1602,1
707,1546,1
784,1558,1
688,1496,1
698,1159,1
781,1329,1
801,1410,1
788,1342,1
662,1271,1
796,1527,1
615,1317,1
748,1474,1
740,1172,1
587,1263,1
706,1406,1
652,1541,1
665,1553,1
798,1825,1
570,1294,1
953,1755,1
703,1623,1
748,1561,1
515,1321,1
666,1193,1
821,1388,1
763,1353,1
731,1417,1
596,1125,1
801,1738,1
694,1675,1
702,1339,1
717,1746,1
878,1596,1
767,1661,1
745,1564,1
791,1878,1
619,1296,1
712,1063,1
1137,1574,1
1151,1363,1
1002,1497,1
1149,1209,1
1270,1572,1
1154,1374,1
1099,1368,1
1139,1400,1
1181,1613,1
1289,1633,1
1197,1409,1
1203,1467,1
1223,1589,1
1347,1636,1
1192,1634,1
1276,1735,1
1072,1380,1
1126,1070,1
1224,1479,1
1286,1403,1
1133,1549,1
1229,1474,1
1115,1197,1
1182,1300,1
1104,1334,1
1286,1422,1
1187,1345,1
1078,1318,1
1257,1302,1
1188,1605,1
1276,1583,1
1203,1650,1
1217,1363,1
1214,1620,1
1187,1451,1
1234,1397,1
1310,1509,1
1205,1156,1
1171,1448,1
1312,1523,1
1198,1506,1
1199,1378,1
1094,1257,1
1345,1782,1
1230,1038,1
1260,1455,1
1168,1387,1
1064,1158,1
1157,1267,1
1031,1228,1
1169,1312,1
1211,1445,1
1178,1220,1
1187,1204,1
1227,1701,1
1116,1408,1
1268,1590,1
1251,1483,1
1148,1555,1
1096,1281,1
1061,1425,1
1043,1181,1
1074,1136,1
1193,1441,1
1183,1672,1
1251,1682,1
1277,1547,1
1301,1654,1
1272,1505,1
1196,1604,1
1165,1431,1
985,1336,1
1172,1491,1
1227,1575,1
1306,1514,1
1084,1313,1
1195,1499,1
1410,1581,1
1196,1204,1
1177,1435,1
1269,1359,1
1180,1453,1
1209,1331,1
1185,1370,1
1142,1587,1
1316,1682,1
1069,1075,1
1178,1449,1
1279,1573,1
1281,1704,1
1146,1462,1
1320,1586,1
1180,1303,1
1197,1215,1
1161,1333,1
1216,1395,1
1225,1365,1
1305,1397,1
1135,1225,1
1223,1246,1
1357,1787,1
1090,1237,1
1163,1554,1
1316,1502,1
1141,1583,1
1193,1341,1
1260,1537,1
1162,1624,1
1363,1718,1
1204,1649,1
1294,1295,1
1190,1313,1
1199,1489,1
1250,1679,1
1145,1598,1
1325,1625,1
1347,1881,1
1290,1520,1
1067,1592,1
1272,1541,1
1076,1288,1
1333,1644,1
1150,1169,1
1179,1440,1
1157,1192,1
1194,1398,1
1280,1291,1
1090,1005,1
1128,1243,1
1244,1522,1
1122,1200,1
1327,1731,1
1365,1670,1
1259,1401,1
1143,1446,1
1159,1661,1
1188,1616,1
1242,1175,1
1216,1503,1
1027,1322,1
1216,1565,1
1176,1505,1
1145,1428,1
1255,1350,1
1247,1389,1
1065,1238,1
1253,1365,1
1081,1109,1
1290,1360,1
1014,939,1
1250,1369,1
1238,1509,1
1224,1623,1
1207,1441,1
1183,1277,1
1211,1392,1
1287,1560,1
1323,1599,1
1328,1701,1
1182,1493,1
1155,1325,1
1146,1467,1
1346,1338,1
1212,1385,1
1119,1468,1
1258,1127,1
1055,1402,1
1092,1419,1
1221,1310,1
1044,1222,1
1193,1513,1
1187,1474,1
1158,1090,1
1234,1479,1
1143,1182,1
1312,1455,1
1106,1304,1
1140,1466,1
1123,1189,1
1160,1441,1
1238,1422,1
1231,1173,1
1302,1363,1
1179,1478,1
1195,1153,1
1292,1487,1
1205,1461,1
1243,1421,1
1035,1181,1
1272,1646,1
1331,1422,1
1184,1544,1
1180,1464,1
1296,1532,1
1253,1618,1
1147,1176,1
1281,1601,1
1305,1631,1
1209,1637,1
1254,1315,1
1310,1472,1
1207,1436,1
1152,1484,1
1079,1066,1
1310,1387,1
1062,1142,1
1120,1390,1
1226,1454,1
1295,1644,1
1309,1595,1
1157,1343,1
1144,1159,1
1310,1455,1
1310,1577,1
1134,1380,1
1143,1210,1
1290,1403,1
1208,1431,1
998,1198,1
1153,1598,1
1271,1551,1
1219,1543,1
1034,1161,1
1265,1374,1
1055,1512,1
1275,1303,1
1227,1368,1
1186,1233,1
1281,1676,1
1269,1481,1
1151,1354,1
1195,1274,1
1093,1441,1
1089,1381,1
1334,1530,1
1241,1373,1
1145,1537,1
1253,1380,1
1223,1632,1
1146,1179,1
1138,1381,1
1164,1351,1
1154,1444,1
1176,1626,1
1169,1517,1
1155,1442,1
1225,1339,1
1167,1199,1
1175,1385,1
1274,1427,1
1307,1634,1
1222,1498,1
1087,1159,1
1238,1409,1
1269,1394,1
1182,1332,1
1256,1416,1
1158,1427,1
1253,1541,1
1326,1607,1
1297,1580,1
1217,1370,1
1064,1125,1
1267,1504,1
1255,1132,1
1147,1300,1
1348,1704,1
1123,1226,1
1267,1778,1
1162,1151,1
1087,1343,1
1161,1438,1
1197,1257,1
1185,1111,1
1272,1663,1
1095,1431,1
1206,1489,1
994,1398,1
1160,1524,1
1157,1380,1
1005,1173,1
1262,1463,1
1143,1380,1
1102,1395,1
1131,1386,1
1140,1321,1
1194,1381,1
1239,1311,1
1314,1443,1
1277,1718,1
1229,1411,1
1314,1767,1
1031,1416,1
1295,1487,1
1187,1439,1
1285,1402,1
1132,1423,1
1082,1449,1
1167,1484,1
1265,1585,1
1264,1595,1
1051,1406,1
1284,1690,1
1150,1340,1
1160,1375,1
1234,1525,1
1203,1184,1
1093,1480,1
1237,1400,1
1036,1345,1
1209,1461,1
1069,1273,1
1205,1426,1
1092,1208,1
1188,1256,1
1368,1617,1
1179,1674,1
1064,1383,1
1217,1472,1
1180,1340,1
1286,1826,1
1204,1400,1
1316,1584,1
1341,1816,1
1240,1633,1
1283,1602,1
1127,1313,1
1221,1482,1
1207,1433,1
1153,1584,1
1128,1176,1
1251,1276,1
1261,1331,1
1130,1351,1
1281,1371,1
1006,1172,1
1249,1289,1
1288,1599,1
1301,1689,1
1298,1579,1
1305,1345,1
1265,1694,1
1155,1527,1
1070,1516,1
1133,1414,1
1165,1453,1
1315,1537,1
1205,1410,1
1093,1306,1
1347,1522,1
1081,1078,1
1209,1419,1
1050,1263,1
997,1722,0
914,1418,0
865,1971,0
841,1384,0
914,1453,0
795,1249,0
1005,2036,0
723,1473,0
685,1329,0
858,1742,0
865,1731,0
839,1646,0
1010,2095,0
895,1586,0
885,1568,0
979,1706,0
1110,1868,0
1086,1728,0
813,1210,0
737,1488,0
672,1671,0
504,1497,0
847,1441,0
970,1487,0
1211,1891,0
767,1708,0
964,1527,0
954,2042,0
1037,1511,0
1051,2159,0
880,1665,0
1005,2055,0
1017,1406,0
1108,1997,0
783,1984,0
876,1460,0
1002,1298,0
914,1993,0
965,1457,0
922,1601,0
1089,1770,0
1123,1616,0
1110,1480,0
706,1292,0
875,1261,0
1214,1487,0
1164,1546,0
657,1140,0
894,1573,0
733,1603,0
868,1431,0
1164,2305,0
1112,1812,0
1046,1727,0
982,1987,0
917,2056,0
1235,1747,0
1265,1932,0
974,1702,0
969,1897,0
656,1282,0
631,1472,0
648,1556,0
872,1509,0
1072,1718,0
1060,1534,0
822,1557,0
609,1303,0
1254,1766,0
972,1864,0
813,1518,0
1020,1788,0
1030,1996,0
1027,2025,0
985,1315,0
876,1764,0
637,1049,0
891,1946,0
760,1673,0
794,1872,0
719,1002,0
1005,2158,0
798,1522,0
890,2096,0
916,1836,0
1189,1956,0
775,1898,0
956,2053,0
1095,1651,0
866,1874,0
1040,1861,0
935,1648,0
738,1683,0
947,1568,0
830,1225,0
735,1495,0
979,1386,0
1003,2040,0
925,1419,0
645,1547,0
956,1671,0
701,2199,0
763,1089,0
817,1267,0
761,1203,0
824,1475,0
880,1684,0
830,1902,0
1107,2288,0
1462,2166,0
1178,1736,0
1145,1410,0
1092,2180,0
660,854,0
1096,1636,0
515,1278,0
650,1326,0
1199,1806,0
774,1680,0
1120,1973,0
1202,1970,0
1224,2141,0
981,2019,0
877,1471,0
823,1428,0
910,1512,0
1030,1764,0
950,1494,0
984,1793,0
967,1694,0
863,1526,0
1140,1664,0
886,1659,0
1075,1499,0
912,1620,0
1050,2053,0
813,1491,0
872,1627,0
975,1517,0
739,1429,0
839,1571,0
948,1739,0
742,1589,0
1276,1735,0
829,1546,0
741,1531,0
1238,1837,0
943,1405,0
999,1616,0
952,2024,0
512,1630,0
710,1536,0
1052,1548,0
845,1535,0
1031,1847,0
837,1811,0
776,1780,0
923,1554,0
900,1571,0
976,1794,0
866,1784,0
789,1304,0
1084,1686,0
756,1307,0
1042,1759,0
1163,1854,0
1093,1837,0
660,1631,0
783,1423,0
722,1920,0
958,1427,0
1069,1670,0
855,1455,0
1104,1902,0
798,1640,0
1113,2066,0
1157,1654,0
1204,1882,0
960,1481,0
890,1704,0
826,1623,0
1082,1699,0
757,1470,0
704,1611,0
716,1426,0
949,1525,0
978,1591,0
974,1742,0
907,1710,0
973,1830,0
1108,1588,0
922,1994,0
720,1844,0
820,1824,0
748,1313,0
947,1435,0
1084,1356,0
1210,1748,0
1017,1323,0
1184,1863,0
884,1615,0
967,1575,0
697,1478,0
1182,1882,0
1200,1622,0
943,1993,0
896,1642,0
937,1441,0
1146,1708,0
602,1591,0
958,1728,0
1053,1528,0
946,1417,0
1007,1814,0
1045,1697,0
1131,1755,0
968,1715,0
574,1730,0
1124,1784,0
1031,1807,0
1014,1750,0
1245,2115,0
1279,1586,0
895,1751,0
1051,1569,0
1240,1514,0
916,1440,0
1000,1731,0
1016,1768,0
869,1577,0
999,1945,0
990,1806,0
658,1392,0
1140,1835,0
703,1446,0
1161,1989,0
900,1964,0
691,1401,0
634,1247,0
963,1886,0
1097,1414,0
1132,1848,0
1192,2063,0
1050,2052,0
1214,1807,0
933,1534,0
941,1773,0
1027,1722,0
1331,2243,0
1119,1736,0
1279,2154,0
977,1533,0
542,1756,0
1001,2036,0
1020,1847,0
902,1308,0
791,1569,0
889,1200,0
919,1270,0
1319,1995,0
953,1888,0
893,1746,0
1051,1868,0
1187,1982,0
953,1827,0
983,1304,0
626,1339,0
1107,1682,0
702,1546,0
973,2215,0
1117,1694,0
905,1631,0
984,1869,0
776,1511,0
965,1469,0
884,1396,0
1172,1509,0
775,1322,0
835,1679,0
1175,1643,0
953,1611,0
1075,1786,0
976,1866,0
910,1673,0
784,1572,0
872,1648,0
928,2051,0
1145,1855,0
988,1950,0
1073,1556,0
870,1934,0
922,2059,0
1170,1814,0
866,1517,0
621,1404,0
1095,1811,0
1076,2066,0
915,1875,0
1012,1709,0
1057,2099,0
985,1850,0
1046,1874,0
1131,2039,0
1127,1481,0
913,1707,0
1125,1937,0
977,1442,0
792,1769,0
1090,2054,0
1068,1712,0
1122,1354,0
910,1652,0
1035,1849,0
902,1828,0
691,1448,0
1087,1456,0
767,1440,0
891,1611,0
1060,2097,0
767,1798,0
925,1484,0
941,1893,0
880,1669,0
1103,1889,0
1033,1934,0
860,1433,0
937,1880,0
906,1480,0
1034,1634,0
759,1536,0
961,1762,0
1236,1923,0
946,1166,0
890,1904,0
1126,1932,0
893,1599,0
931,1592,0
829,1590,0
967,1523,0
803,1760,0
774,1501,0
628,1554,0
880,1661,0
1055,1353,0
989,1741,0
1033,1704,0
1056,1637,0
1214,1934,0
1037,1718,0
809,1666,0
1040,1744,0
906,1552,0
1015,1397,0
926,1611,1
681,1420,1
748,1602,1
1030,1780,1
730,1267,1
660,1342,1
876,1584,1
835,1260,1
1052,1879,1
854,1387,1
760,1392,1
678,1181,1
840,1428,1
882,1441,1
738,1357,1
666,1534,1
738,1390,1
858,1404,1
903,1818,1
740,1489,1
987,1572,1
792,1319,1
826,1450,1
830,1415,1
836,1332,1
855,1525,1
816,1480,1
721,1174,1
988,1649,1
914,1523,1
1013,1489,1
1013,1464,1
858,1509,1
847,1182,1
769,1426,1
870,1473,1
716,1483,1
661,1203,1
846,1567,1
1107,1736,1
845,1273,1
918,1591,1
814,1342,1
813,1639,1
992,1295,1
718,1199,1
593,1121,1
785,1439,1
856,1592,1
742,1165,1
1001,1298,1
551,1290,1
879,1527,1
861,1591,1
904,1355,1
844,1328,1
836,1482,1
648,1623,1
487,1358,1
754,1473,1
779,1381,1
749,1311,1
728,1209,1
853,1627,1
790,1296,1
801,1272,1
867,1512,1
736,1277,1
1023,1724,1
1025,1749,1
763,1455,1
801,1581,1
735,1469,1
997,1668,1
721,1491,1
850,1339,1
850,1367,1
750,1688,1
763,1388,1
622,1293,1
747,1294,1
963,1648,1
764,1704,1
812,1560,1
575,1067,1
653,1299,1
848,1390,1
585,1332,1
901,1398,1
859,1390,1
949,1673,1
711,1529,1
822,1401,1
793,1588,1
924,1508,1
807,1509,1
673,1282,1
826,1615,1
729,1283,1
783,1547,1
887,1334,1
715,1439,1
1082,1756,1
837,1545,1
826,1503,1
659,1337,1
693,1307,1
1176,1734,1
879,1324,1
645,1293,1
665,1207,1
772,1341,1
764,1397,1
703,1527,1
784,1480,1
660,1147,1
749,1582,1
811,1449,1
919,1745,1
945,1428,1
740,1526,1
685,1389,1
981,1748,1
771,1477,1
915,1603,1
703,1432,1
707,1459,1
741,1566,1
578,1450,1
884,1446,1
910,1163,1
873,1527,1
684,1548,1
838,1568,1
833,1535,1
607,1454,1
891,1404,1
744,1622,1
754,1675,1
580,1301,1
724,1393,1
880,1572,1
792,1455,1
833,1407,1
742,1483,1
944,1429,1
891,1675,1
763,1191,1
688,1286,1
800,1583,1
928,1439,1
804,1234,1
744,1522,1
829,1353,1
937,1546,1
924,1607,1
1047,1548,1
622,1302,1
797,1441,1
485,1308,1
859,1501,1
845,1637,1
861,1471,1
806,1347,1
700,1188,1
893,1421,1
760,1241,1
1136,1780,1
751,1399,1
853,1460,1
849,1810,1
746,1334,1
679,1400,1
940,1640,1
799,1813,1
758,1264,1
812,1638,1
864,1509,1
714,1172,1
742,1681,1
1002,1779,1
756,1637,1
795,1545,1
895,1319,1
623,1248,1
810,1227,1
731,1229,1
1001,1844,1
970,1926,1
749,1474,1
644,1645,1
764,1486,1
838,1399,1
710,1505,1
780,1686,1
686,1604,1
747,1567,1
795,1382,1
684,1273,1
928,1717,1
515,1087,1
1025,1654,1
889,1457,1
568,1267,1
831,1523,1
682,1373,1
850,1422,1
778,1205,1
837,1356,1
929,1456,1
911,1402,1
1107,1664,1
688,1419,1
811,1476,1
814,1398,1
954,1280,1
674,1285,1
1096,1607,1
605,1140,1
830,1235,1
705,1310,1
835,1374,1
731,1283,1
1028,1810,1
825,1526,1
868,1291,1
1032,1481,1
863,1401,1
914,1425,1
770,1034,1
838,1516,1
756,1159,1
896,1550,1
800,1705,1
863,1514,1
820,1462,1
712,1312,1
982,1617,1
592,1164,1
889,1482,1
728,1546,1
943,1408,1
988,1639,1
729,1355,1
649,1269,1
730,1264,1
865,1667,1
868,1497,1
703,1533,1
828,1675,1
785,1328,1
855,1644,1
688,1297,1
780,1484,1
882,1691,1
1074,1599,1
783,1315,1
842,1653,1
517,1335,1
940,1609,1
875,1671,1
822,1612,1
766,1244,1
852,1642,1
771,1621,1
776,1522,1
569,1500,1
755,1669,1
739,1342,1
788,1287,1
825,1372,1
826,1051,1
801,1434,1
915,1512,1
858,1651,1
861,1357,1
788,1580,1
691,1277,1
835,1415,1
694,1062,1
898,1592,1
675,1418,1
980,1588,1
706,1410,1
694,1185,1
656,1441,1
674,1312,1
886,1468,1
706,1200,1
900,1598,1
982,1447,1
843,1773,1
939,1380,1
711,1219,1
745,1580,1
853,1280,1
816,1404,1
695,1113,1
761,1382,1
688,1300,1
561,1070,1
722,1295,1
660,1308,1
544,1288,1
699,1048,1
722,1443,1
1010,1749,1
800,1313,1
743,1492,1
682,1549,1
1145,1767,1
842,1455,1
1000,1618,1
804,1304,1
666,1270,1
903,1540,1
830,1382,1
943,1396,1
808,1480,1
905,1493,1
688,1197,1
842,1627,1
871,1576,1
893,1484,1
687,1411,1
705,1334,1
731,1671,1
1035,1481,1
796,1391,1
870,1551,1
798,1544,1
678,1419,1
914,1729,1
1042,1296,1
915,1893,1
732,1356,1
669,1382,1
920,1414,1
818,1507,1
792,1435,1
708,1426,1
887,1499,1
679,1464,1
1051,1478,1
809,1539,1
707,1389,1
1018,1401,1
835,1150,1
826,1444,1
753,1362,1
824,1765,1
941,1495,1
1029,1647,1
564,1302,0
691,1241,0
607,1313,0
667,1369,0
568,1285,0
575,1245,0
647,1198,0
602,1273,0
616,1098,0
555,1197,0
645,1414,0
586,1296,0
550,1108,0
654,917,0
618,1280,0
689,1259,0
555,1373,0
523,1155,0
699,1206,0
532,1179,0
639,1288,0
530,1145,0
488,1137,0
632,1228,0
668,1249,0
493,1171,0
726,1194,0
554,1197,0
608,1215,0
640,1106,0
658,1248,0
709,1332,0
667,1177,0
576,1117,0
612,1163,0
669,1195,0
595,1090,0
620,1236,0
612,1137,0
641,1237,0
603,1178,0
617,1154,0
595,1237,0
632,1170,0
702,1156,0
575,1090,0
761,1319,0
656,1262,0
666,1236,0
490,1024,0
544,1260,0
520,1166,0
608,1215,0
445,1202,0
625,1181,0
746,1269,0
579,1094,0
531,1121,0
578,1096,0
562,1152,0
748,1347,0
558,1034,0
621,1153,0
556,1073,0
568,1237,0
513,1199,0
755,1252,0
595,1330,0
571,1223,0
479,1201,0
493,1120,0
677,1178,0
491,1221,0
801,1366,0
521,1118,0
493,1104,0
574,1146,0
659,1135,0
654,1260,0
426,1097,0
523,1094,0
555,1300,0
520,1221,0
766,1323,0
650,1266,0
775,1299,0
498,1211,0
558,1177,0
708,1300,0
590,1254,0
569,1206,0
682,1223,0
570,1188,0
629,1319,0
766,1327,0
584,1284,0
608,1207,0
608,1264,0
598,1162,0
631,1189,0
507,1045,0
665,1280,0
503,1174,0
693,1129,0
776,1163,0
552,1223,0
514,1138,0
669,1145,0
651,1194,0
669,1239,0
575,1221,0
577,1247,0
533,1104,0
479,1146,0
584,1154,0
617,1173,0
675,1292,0
600,1205,0
537,1245,0
473,1144,0
497,1101,0
625,1158,0
524,1217,0
673,1152,0
542,1290,0
560,1241,0
691,1126,0
499,1252,0
594,1276,0
563,1084,0
615,1186,0
552,1097,0
566,1052,0
556,1200,0
543,1319,0
335,946,0
624,1261,0
577,1124,0
663,1225,0
458,1171,0
545,1122,0
700,1242,0
514,1269,0
602,1216,0
615,1177,0
738,1272,0
574,1189,0
611,1186,0
385,1099,0
628,1261,0
611,1073,0
528,1298,0
519,1066,0
686,1119,0
582,1289,0
438,1174,0
593,1097,0
499,1169,0
619,1142,0
525,1070,0
798,1293,0
610,1094,0
659,1331,0
640,1151,0
575,1170,0
619,1242,0
747,1214,0
775,1312,0
635,1163,0
586,1277,0
631,1125,0
541,1264,0
559,1125,0
658,1114,0
559,1274,0
631,1206,0
643,1195,0
461,1136,0
756,1327,0
607,1187,0
714,1212,0
570,1237,0
595,1140,0
596,1261,0
790,1312,0
596,1116,0
813,1383,0
545,1229,0
605,1274,0
550,1228,0
501,1101,0
493,1161,0
661,1223,0
677,1200,0
626,1338,0
708,1208,0
572,1021,0
424,1093,0
621,1238,0
638,1224,0
462,953,0
538,1265,0
714,1338,0
462,1169,0
461,1102,0
529,1212,0
794,1333,0
481,1111,0
467,1088,0
543,1062,0
661,1289,0
497,1251,0
572,1219,0
739,1311,0
647,1235,0
557,1190,0
713,1244,0
427,1096,0
595,1212,0
644,1295,0
444,1108,0
564,1242,0
703,1267,0
640,1334,0
512,1211,0
565,1393,0
476,1220,0
376,1019,0
633,1284,0
556,1162,0
553,1113,0
665,1211,0
534,1184,0
725,1291,0
650,1300,0
554,1048,0
650,1258,0
607,1224,0
597,1230,0
561,1049,0
462,1219,0
718,1164,0
726,1406,0
598,1287,0
550,1219,0
662,1241,0
539,1267,0
456,1119,0
542,1230,0
529,1167,0
579,1191,0
460,1063,0
496,1159,0
570,1180,0
730,1361,0
724,1235,0
615,1261,0
559,1176,0
732,1228,0
746,1274,0
614,1193,0
531,1264,0
654,1286,0
562,1028,0
489,1136,0
590,1175,0
679,1166,0
717,1089,0
708,1224,0
543,1184,0
640,1226,0
522,1027,0
536,1095,0
601,1248,0
612,1279,0
552,1135,0
615,1343,0
554,1198,0
672,1194,0
741,1136,0
532,1221,0
392,1143,0
644,1242,0
479,1017,0
730,1341,0
562,1176,0
558,1207,0
664,1247,0
769,1196,0
536,1185,0
604,1273,0
523,1134,0
635,1237,0
564,1229,0
697,1233,0
577,1078,0
642,1272,0
597,1175,0
633,1216,0
752,1320,0
719,1302,0
564,1245,0
588,1352,0
729,1223,0
621,1080,0
647,1208,0
590,1227,0
656,1193,0
621,1129,0
696,1250,0
600,1120,0
653,1184,0
648,1167,0
631,1137,0
595,1128,0
523,1217,0
346,973,0
760,1388,0
554,1153,0
627,1212,0
565,1152,0
608,1151,0
651,1153,0
633,1189,0
566,1136,0
592,1217,0
604,1026,0
695,1295,0
683,1190,0
573,1071,0
796,1162,0
554,1237,0
610,1073,0
620,1260,0
457,1114,0
618,1309,0
496,1162,0
779,1320,0
655,1065,0
525,1234,0
743,1354,0
585,1270,0
484,1184,0
469,1218,0
594,1289,0
647,1181,0
496,1152,0
550,1150,0
773,1282,0
528,1120,0
602,1028,0
665,1262,0
626,1157,0
631,1184,1
638,1301,1
865,1315,1
782,1193,1
750,1325,1
479,1199,1
677,1182,1
730,1152,1
705,1264,1
667,1088,1
665,1233,1
609,1205,1
609,1100,1
792,1305,1
744,1180,1
736,1309,1
724,1128,1
632,1238,1
732,1142,1
881,1219,1
815,1262,1
786,1081,1
818,1242,1
724,1243,1
728,1224,1
658,1266,1
654,1215,1
712,1123,1
660,1155,1
688,1280,1
773,1185,1
690,1022,1
771,1232,1
648,1110,1
701,1345,1
639,1063,1
734,1133,1
783,1268,1
690,1121,1
545,1254,1
794,1260,1
836,1311,1
606,1115,1
673,1089,1
674,1197,1
662,1090,1
772,1154,1
617,1276,1
696,1071,1
615,1188,1
759,1173,1
665,1146,1
718,1171,1
827,1243,1
787,1290,1
858,1248,1
785,1279,1
650,1092,1
809,1296,1
763,1461,1
814,1243,1
631,926,1
783,1268,1
567,1148,1
636,1155,1
747,1260,1
855,1386,1
813,1287,1
713,1181,1
559,1227,1
607,1237,1
650,1038,1
661,1176,1
791,1281,1
712,1328,1
776,1203,1
627,1178,1
727,1079,1
715,1257,1
587,1248,1
865,1319,1
607,1201,1
774,1166,1
722,1292,1
567,962,1
698,1116,1
710,1271,1
613,1073,1
752,1190,1
698,1311,1
722,1233,1
693,1293,1
656,1164,1
616,1033,1
738,1273,1
762,1106,1
545,1202,1
833,1256,1
685,1202,1
767,1261,1
537,1154,1
740,1226,1
679,1218,1
656,1368,1
669,1137,1
696,1135,1
874,1319,1
703,1238,1
588,1101,1
744,1269,1
664,1086,1
733,1121,1
773,1357,1
721,1143,1
665,1106,1
841,1230,1
489,1059,1
545,1189,1
745,1267,1
625,1149,1
597,1136,1
783,1265,1
750,1276,1
617,1047,1
626,1133,1
798,1202,1
705,1297,1
803,1407,1
680,1157,1
729,1221,1
638,1170,1
700,1073,1
677,1055,1
616,1171,1
733,1310,1
603,1206,1
673,1170,1
787,1147,1
735,1120,1
661,1294,1
631,1137,1
685,1263,1
799,1248,1
849,1284,1
571,1143,1
781,1253,1
815,1370,1
721,1341,1
855,1315,1
856,1185,1
754,1099,1
737,1356,1
562,1175,1
492,1150,1
680,1309,1
807,1326,1
690,1360,1
683,1231,1
626,1162,1
588,1171,1
655,1182,1
581,1077,1
740,1263,1
641,1305,1
705,1319,1
865,1210,1
766,1269,1
792,1203,1
617,1225,1
637,1238,1
727,1214,1
757,1208,1
710,1262,1
728,1150,1
637,1192,1
770,1163,1
599,1149,1
703,1201,1
594,1140,1
757,1284,1
600,1156,1
714,1170,1
610,1099,1
769,1243,1
676,1152,1
702,1229,1
639,1154,1
731,1148,1
735,1266,1
639,1194,1
832,1138,1
753,1075,1
741,1317,1
746,1247,1
714,1192,1
696,1343,1
755,1159,1
849,1177,1
463,1118,1
614,1138,1
823,1176,1
686,1102,1
658,1198,1
761,1194,1
665,1257,1
660,1075,1
612,1159,1
698,1166,1
919,1281,1
789,1050,1
672,1201,1
720,1328,1
644,1191,1
882,1308,1
724,1176,1
853,1276,1
810,1311,1
897,1314,1
802,1256,1
699,1310,1
734,1083,1
789,1153,1
806,1242,1
700,1121,1
549,980,1
796,1433,1
693,1356,1
697,1250,1
